# nu	S
70.96 9.63277365973e-05
91.79 0.00017935577073
111.67 0.000252374419967
114.45 0.000324147485279
144.93 0.000384110644395
151.7 0.000441828282425
152.73 0.000499214336884
153.38 0.000556392458258
169.05 0.00060884608037
172.31 0.000660381293771
182.28 0.000709231494656
184.98 0.00075738489826
209.82 0.000799664020555
211.12 0.000841660032206
228.43 0.000880088767628
262.88 0.00091239136942
263.57 0.000944582825531
269.34 0.000975860910549
275.5 0.00100619465429
283.92 0.00103528667269
302.81 0.0010617846334
318.16 0.00108635316166
327.48 0.00110982160991
327.51 0.00113328660005
333.67 0.00115605245878
343.65 0.00117773042235
359.59 0.00119777896782
359.99 0.00121778825358
361.04 0.00123769485011
362.95 0.0012574160064
369.9 0.00127647690444
388.41 0.00129388512539
391 0.00131107377072
706.15 0.00131462370891
709.52 0.00131811265563
717.05 0.00132146895705
718.13 0.00132480663774
732.14 0.0013279116296
737.19 0.00133093665542
738.25 0.00133394515091
742.85 0.0013368829173
865.9 0.00133842713523
873.93 0.00133990724401
874.87 0.00134138001941
880.81 0.00134280726431
1131.97 0.00134317705145
1134.04 0.00134354268459
1134.65 0.00134390710238
1140.8 0.00134425948618
1461.79 0.0013443189985
1465.95 0.00134437713788
1487.63 0.00134442861317
1499.53 0.00134447675761
1533.74 0.00134451646796
1557.48 0.0013445512021
1575.72 0.00134458253672
1620.02 0.00134460692529
60.42 0.00144930446493
62.64 0.00155212060809
88.45 0.00163705447466
94.35 0.00171867057983
96.16 0.00179931262712
101.83 0.00187702472439
134.72 0.0019406091955
136.63 0.00200349327057
147.02 0.00206275066416
155.72 0.00211918853702
157.54 0.00217505947987
166.39 0.00222827812215
168.46 0.00228090019856
193.71 0.00232688289561
193.81 0.00237284142856
200.54 0.00241720841726
215.19 0.00245833233153
233.7 0.00249574497932
247.93 0.0025305617784
262.28 0.00256296136772
266.72 0.0025946506645
268.67 0.00262603335523
275.07 0.00265643201425
283.35 0.00268560635887
316.66 0.00271035683971
323.57 0.00273428050118
327.7 0.00275772360204
334.48 0.00278039912689
354.13 0.00280099138846
357.94 0.00282120270128
366.94 0.00284054204911
368.18 0.00285976425643
380 0.00287790487278
384.81 0.00289562293166
404.59 0.00291170365694
430.98 0.00292583039337
708.96 0.00292932940457
709.72 0.00293281476361
716.07 0.00293618804844
716.71 0.00293955023268
734.76 0.00294261348551
736.61 0.00294564759335
739.16 0.00294864196741
742.39 0.00295158673371
872.55 0.00295307767283
873.57 0.00295456059952
876.22 0.00295602290471
879.89 0.00295745711081
1132.83 0.00295782516655
1133.7 0.00295819147884
1133.93 0.00295855733158
1134.34 0.00295892236651
1468.43 0.00295897970235
1475.31 0.00295903486602
1495.81 0.00295908402813
1499.12 0.00295913228371
1563.68 0.00295916582323
1571.08 0.00295919799006
1622.89 0.00295922198534
1628.2 0.00295924526945
60.42 0.00306394280909
62.64 0.00316675895225
88.45 0.00325169281882
94.35 0.00333330892399
96.16 0.00341395097128
101.83 0.00349166306855
134.72 0.00355524753966
136.63 0.00361813161473
147.02 0.00367738900832
155.72 0.00373382688118
157.54 0.00378969782403
166.39 0.00384291646631
168.46 0.00389553854272
193.71 0.00394152123977
193.81 0.00398747977272
200.54 0.00403184676142
215.19 0.00407297067569
233.7 0.00411038332348
247.93 0.00414520012256
262.28 0.00417759971188
266.72 0.00420928900866
268.67 0.00424067169939
275.07 0.00427107035841
283.35 0.00430024470303
316.66 0.00432499518387
323.57 0.00434891884534
327.7 0.0043723619462
334.48 0.00439503747105
354.13 0.00441562973262
357.94 0.00443584104544
366.94 0.00445518039327
368.18 0.00447440260059
380 0.00449254321694
384.81 0.00451026127582
404.59 0.0045263420011
430.98 0.00454046873753
708.96 0.00454396774873
709.72 0.00454745310777
716.07 0.0045508263926
716.71 0.00455418857684
734.76 0.00455725182967
736.61 0.00456028593751
739.16 0.00456328031157
742.39 0.00456622507787
872.55 0.00456771601699
873.57 0.00456919894368
876.22 0.00457066124887
879.89 0.00457209545498
1132.83 0.00457246351071
1133.7 0.004572829823
1133.93 0.00457319567574
1134.34 0.00457356071067
1468.43 0.00457361804651
1475.31 0.00457367321018
1495.81 0.00457372237229
1499.12 0.00457377062787
1563.68 0.00457380416739
1571.08 0.00457383633422
1622.89 0.0045738603295
1628.2 0.00457388361361
26.09 0.00472265214849
64.03 0.0048243247818
86.33 0.00491050798826
105.42 0.00498645349718
113.31 0.00505873333917
126.29 0.00512554683831
126.82 0.00519215038665
142.31 0.00525301475962
142.99 0.00531364343726
152.9 0.00537097501117
154.34 0.0054278478776
172.95 0.00547920521024
181.99 0.00552813099568
189.01 0.00557526707377
197.95 0.00562023857217
204.21 0.00566376554403
216.13 0.00570469105647
222.67 0.00574426651527
246.77 0.00577928722249
264.29 0.0058113631432
270.38 0.00584247959956
278.94 0.00587229933286
296 0.00589970323145
297.98 0.00592684043077
314.9 0.00595180617884
322.32 0.00597587727442
323.84 0.00599976921223
342.06 0.00602161689024
344.24 0.00604323221894
357.48 0.00606348914602
361.59 0.0060833421646
367.82 0.00610259830701
372.6 0.00612140871569
387.13 0.00613892647922
388.46 0.00615633043499
427.23 0.00617071989191
707.86 0.00617423875434
710.25 0.00617771462325
716.79 0.0061810754224
718.63 0.00618440451622
734.13 0.00618747775573
736 0.00619052144379
737.89 0.00619353554354
740.38 0.00619651108608
866.75 0.00619804839219
872.86 0.00619953689173
874.44 0.00620101301737
879.94 0.00620244684429
1131.53 0.00620281752035
1132.09 0.00620318706542
1133.17 0.00620355443884
1133.49 0.00620392117122
1471.32 0.00620397758452
1492.12 0.0062040277771
1506.51 0.00620407406791
1536.51 0.00620411316311
1558.1 0.00620414777592
1575.86 0.00620417908577
1588.52 0.00620420823352
1657.13 0.0062042279944
52.93 0.0063158390666
63.02 0.00641834003006
83.39 0.00650631006063
102.43 0.00658372231888
111.49 0.00665682276997
120.65 0.00672593235821
139.05 0.00678794459931
145.49 0.00684771752582
147.79 0.00690671777105
160.15 0.0069617888049
165.58 0.00701524326739
174.84 0.00706607983604
191.36 0.00711263486411
194.68 0.00715838381838
197.24 0.00720352275812
201.74 0.00724761296951
208.96 0.00729008061434
231.03 0.00732800419147
241.64 0.00736394272145
257.84 0.00739706995656
264.57 0.00742910106844
277.14 0.0074591885883
283.11 0.00748839767064
291.1 0.00751647350136
309.11 0.00754216121101
319.41 0.00756657916677
333.62 0.00758935061368
341.4 0.00761126913492
348.4 0.00763244801065
360.36 0.00765242105004
363.71 0.00767206890214
370.53 0.00769107105574
373.85 0.00770976661468
385.14 0.00772745604494
392.33 0.00774453300586
410.3 0.00776016956985
710.09 0.00776364830107
712.1 0.00776709123928
716.91 0.00777044996183
718.11 0.00777378798645
733.92 0.00777686456183
735.02 0.00777992370232
737.95 0.00778293686733
739.95 0.00778591903411
870.97 0.00778742246778
873.62 0.00778890500278
875.38 0.00779037381424
878.9 0.00779181554807
1131.74 0.00779218579961
1132.27 0.00779255498187
1132.91 0.00779292287695
1133.23 0.00779329013009
1477.99 0.00779334446981
1494.89 0.00779339388687
1500.9 0.00779344166179
1508.01 0.00779348756357
1564.85 0.00779352088227
1579.46 0.00779355156165
1605.22 0.00779357808192
1633.03 0.0077936007373
52.93 0.0079052118095
63.02 0.00800771277296
83.39 0.00809568280353
102.43 0.00817309506178
111.49 0.00824619551287
120.65 0.00831530510111
139.05 0.00837731734221
145.49 0.00843709026872
147.79 0.00849609051394
160.15 0.0085511615478
165.58 0.00860461601029
174.84 0.00865545257894
191.36 0.00870200760701
194.68 0.00874775656127
197.24 0.00879289550101
201.74 0.00883698571241
208.96 0.00887945335724
231.03 0.00891737693437
241.64 0.00895331546434
257.84 0.00898644269945
264.57 0.00901847381134
277.14 0.0090485613312
283.11 0.00907777041354
291.1 0.00910584624426
309.11 0.00913153395391
319.41 0.00915595190967
333.62 0.00917872335658
341.4 0.00920064187782
348.4 0.00922182075355
360.36 0.00924179379294
363.71 0.00926144164504
370.53 0.00928044379863
373.85 0.00929913935758
385.14 0.00931682878784
392.33 0.00933390574876
410.3 0.00934954231275
710.09 0.00935302104397
712.1 0.00935646398218
716.91 0.00935982270473
718.11 0.00936316072934
733.92 0.00936623730473
735.02 0.00936929644522
737.95 0.00937230961023
739.95 0.009375291777
870.97 0.00937679521068
873.62 0.00937827774568
875.38 0.00937974655714
878.9 0.00938118829097
1131.74 0.00938155854251
1132.27 0.00938192772477
1132.91 0.00938229561985
1133.23 0.00938266287299
1477.99 0.00938271721271
1494.89 0.00938276662977
1500.9 0.00938281440469
1508.01 0.00938286030647
1564.85 0.00938289362517
1579.46 0.00938292430455
1605.22 0.00938295082482
1633.03 0.0093829734802
62.73 0.00948571479869
89.42 0.00957008747792
91.86 0.00965307635476
95.56 0.00973403912833
125.91 0.0098010037568
128.71 0.00986686641914
132.19 0.00993139588721
136.91 0.00999417820715
160.52 0.0100491370701
162.99 0.0101033547525
174.54 0.0101542735328
177.94 0.0102042703331
196.5 0.0102495845898
196.7 0.0102948513827
212.55 0.0103365385387
213.06 0.0103781161877
226.26 0.0104169724115
235.33 0.0104540769727
238.43 0.0104906034589
252.41 0.0105246449903
271.02 0.0105556624305
276.31 0.0105858742951
282.1 0.0106152300483
292.36 0.0106431314555
312.46 0.0106683988512
325.2 0.0106921316517
331.08 0.0107151888301
333.53 0.0107379703393
353.45 0.0107586313493
354.94 0.0107791420205
366.45 0.0107985278547
367.8 0.0108177858841
370.38 0.0108368020081
384.39 0.01085455657
389.27 0.0108718915746
391.39 0.0108890473954
711.43 0.0108925022249
714.75 0.0108958985166
715.33 0.0108992846807
717.97 0.0109026251137
732.27 0.0109057280216
732.41 0.0109088286868
737.49 0.0109118490254
738.59 0.0109148522372
868.71 0.0109163737199
871.06 0.0109178764391
875.68 0.0109193429237
877.76 0.0109207933734
1129.98 0.0109211671976
1130.35 0.010921540268
1131.27 0.0109219114703
1132.52 0.0109222801492
1486.83 0.0109223318564
1493.65 0.0109223816192
1526.62 0.010922422955
1543.18 0.0109224606073
1551.38 0.0109224965579
1553.34 0.010922532113
1615.92 0.0109225570745
1640.67 0.0109225787696
67.92 0.0110211818751
73.4 0.0111157549639
82.02 0.0112045802506
93.73 0.0112865345622
131.24 0.011351424079
140.93 0.0114127707068
149.02 0.0114713633331
154.16 0.0115282932681
160.24 0.0115833369894
171.23 0.0116351741636
176.15 0.0116856537051
188.04 0.0117330322105
189.86 0.0117799571024
195.25 0.0118255693746
202.54 0.0118694762139
206.71 0.0119124417956
217.52 0.011953075963
230.27 0.0119911464166
238.01 0.0120277506262
251.5 0.0120619480785
256.05 0.0120953737
269.69 0.0121265972899
278.16 0.0121565327499
285.35 0.0121854193149
323.17 0.0122093900539
332.91 0.0122322410045
336.95 0.0122546433178
344.46 0.0122762353381
351.15 0.0122971306017
355.57 0.0123175780391
357.8 0.0123378032236
366.14 0.0123572185254
371.04 0.0123761732567
377.54 0.0123945338496
390.9 0.0124117309215
392.44 0.0124287986777
712.43 0.0124322357735
713.74 0.0124356497712
715.91 0.0124390258367
716.37 0.0124423939138
732.74 0.0124454892988
733.3 0.0124485757434
737.43 0.0124515970189
738.02 0.0124546090937
871.34 0.0124561095923
873.28 0.0124575947928
874.66 0.0124590692034
876.66 0.0124605281118
1130.37 0.0124609011414
1130.67 0.012461273561
1130.88 0.012461645554
1131.62 0.0124620160481
1493.37 0.0124620658892
1499.94 0.0124621139228
1512.76 0.0124621586138
1517.92 0.0124622020254
1571.26 0.0124622341595
1585.18 0.0124622638629
1602.03 0.0124622908663
1621.98 0.0124623149856
67.92 0.0125609180911
73.4 0.0126554911799
82.02 0.0127443164666
93.73 0.0128262707782
131.24 0.012891160295
140.93 0.0129525069228
149.02 0.0130110995491
154.16 0.0130680294841
160.24 0.0131230732055
171.23 0.0131749103796
176.15 0.0132253899211
188.04 0.0132727684265
189.86 0.0133196933184
195.25 0.0133653055906
202.54 0.0134092124299
206.71 0.0134521780116
217.52 0.0134928121791
230.27 0.0135308826326
238.01 0.0135674868422
251.5 0.0136016842945
256.05 0.013635109916
269.69 0.0136663335059
278.16 0.0136962689659
285.35 0.0137251555309
323.17 0.0137491262699
332.91 0.0137719772205
336.95 0.0137943795338
344.46 0.0138159715541
351.15 0.0138368668177
355.57 0.0138573142551
357.8 0.0138775394396
366.14 0.0138969547414
371.04 0.0139159094728
377.54 0.0139342700656
390.9 0.0139514671375
392.44 0.0139685348937
712.43 0.0139719719895
713.74 0.0139753859872
715.91 0.0139787620527
716.37 0.0139821301298
732.74 0.0139852255148
733.3 0.0139883119594
737.43 0.0139913332349
738.02 0.0139943453097
871.34 0.0139958458083
873.28 0.0139973310088
874.66 0.0139988054194
876.66 0.0140002643278
1130.37 0.0140006373574
1130.67 0.014001009777
1130.88 0.01400138177
1131.62 0.0140017522641
1493.37 0.0140018021052
1499.94 0.0140018501388
1512.76 0.0140018948298
1517.92 0.0140019382414
1571.26 0.0140019703755
1585.18 0.0140020000789
1602.03 0.0140020270823
1621.98 0.0140020512016
62.73 0.0141047925201
89.42 0.0141891651993
91.86 0.0142721540761
95.56 0.0143531168497
125.91 0.0144200814782
128.71 0.0144859441405
132.19 0.0145504736086
136.91 0.0146132559285
160.52 0.0146682147915
162.99 0.0147224324739
174.54 0.0147733512542
177.94 0.0148233480545
196.5 0.0148686623112
196.7 0.014913929104
212.55 0.0149556162601
213.06 0.014997193909
226.26 0.0150360501329
235.33 0.0150731546941
238.43 0.0151096811803
252.41 0.0151437227117
271.02 0.0151747401519
276.31 0.0152049520165
282.1 0.0152343077696
292.36 0.0152622091769
312.46 0.0152874765726
325.2 0.0153112093731
331.08 0.0153342665515
333.53 0.0153570480607
353.45 0.0153777090707
354.94 0.0153982197418
366.45 0.0154176055761
367.8 0.0154368636055
370.38 0.0154558797294
384.39 0.0154736342914
389.27 0.0154909692959
391.39 0.0155081251168
711.43 0.0155115799463
714.75 0.015514976238
715.33 0.015518362402
717.97 0.015521702835
732.27 0.015524805743
732.41 0.0155279064082
737.49 0.0155309267468
738.59 0.0155339299586
868.71 0.0155354514413
871.06 0.0155369541605
875.68 0.0155384206451
877.76 0.0155398710948
1129.98 0.015540244919
1130.35 0.0155406179893
1131.27 0.0155409891917
1132.52 0.0155413578706
1486.83 0.0155414095778
1493.65 0.0155414593405
1526.62 0.0155415006764
1543.18 0.0155415383287
1551.38 0.0155415742792
1553.34 0.0155416098344
1615.92 0.0155416347959
1640.67 0.0155416564909
67.92 0.0156402595965
73.4 0.0157348326853
82.02 0.0158236579719
93.73 0.0159056122836
131.24 0.0159705018003
140.93 0.0160318484281
149.02 0.0160904410545
154.16 0.0161473709895
160.24 0.0162024147108
171.23 0.016254251885
176.15 0.0163047314265
188.04 0.0163521099319
189.86 0.0163990348238
195.25 0.0164446470959
202.54 0.0164885539353
206.71 0.016531519517
217.52 0.0165721536844
230.27 0.016610224138
238.01 0.0166468283476
251.5 0.0166810257999
256.05 0.0167144514214
269.69 0.0167456750113
278.16 0.0167756104713
285.35 0.0168044970362
323.17 0.0168284677753
332.91 0.0168513187259
336.95 0.0168737210392
344.46 0.0168953130595
351.15 0.0169162083231
355.57 0.0169366557605
357.8 0.016956880945
366.14 0.0169762962468
371.04 0.0169952509781
377.54 0.017013611571
390.9 0.0170308086429
392.44 0.017047876399
712.43 0.0170513134949
713.74 0.0170547274926
715.91 0.0170581035581
716.37 0.0170614716351
732.74 0.0170645670202
733.3 0.0170676534648
737.43 0.0170706747402
738.02 0.0170736868151
871.34 0.0170751873137
873.28 0.0170766725142
874.66 0.0170781469248
876.66 0.0170796058332
1130.37 0.0170799788628
1130.67 0.0170803512823
1130.88 0.0170807232754
1131.62 0.0170810937695
1493.37 0.0170811436106
1499.94 0.0170811916442
1512.76 0.0170812363352
1517.92 0.0170812797468
1571.26 0.0170813118809
1585.18 0.0170813415843
1602.03 0.0170813685877
1621.98 0.017081392707
67.92 0.0171799958125
73.4 0.0172745689013
82.02 0.017363394188
93.73 0.0174453484996
131.24 0.0175102380164
140.93 0.0175715846442
149.02 0.0176301772705
154.16 0.0176871072055
160.24 0.0177421509268
171.23 0.017793988101
176.15 0.0178444676425
188.04 0.0178918461479
189.86 0.0179387710398
195.25 0.017984383312
202.54 0.0180282901513
206.71 0.018071255733
217.52 0.0181118899004
230.27 0.018149960354
238.01 0.0181865645636
251.5 0.0182207620159
256.05 0.0182541876374
269.69 0.0182854112273
278.16 0.0183153466873
285.35 0.0183442332523
323.17 0.0183682039913
332.91 0.0183910549419
336.95 0.0184134572552
344.46 0.0184350492755
351.15 0.0184559445391
355.57 0.0184763919765
357.8 0.018496617161
366.14 0.0185160324628
371.04 0.0185349871941
377.54 0.018553347787
390.9 0.0185705448589
392.44 0.0185876126151
712.43 0.0185910497109
713.74 0.0185944637086
715.91 0.0185978397741
716.37 0.0186012078512
732.74 0.0186043032362
733.3 0.0186073896808
737.43 0.0186104109562
738.02 0.0186134230311
871.34 0.0186149235297
873.28 0.0186164087302
874.66 0.0186178831408
876.66 0.0186193420492
1130.37 0.0186197150788
1130.67 0.0186200874984
1130.88 0.0186204594914
1131.62 0.0186208299855
1493.37 0.0186208798266
1499.94 0.0186209278602
1512.76 0.0186209725512
1517.92 0.0186210159628
1571.26 0.0186210480969
1585.18 0.0186210778003
1602.03 0.0186211048037
1621.98 0.018621128923
26.09 0.0187698974579
64.03 0.0188715700912
86.33 0.0189577532976
105.42 0.0190336988065
113.31 0.0191059786485
126.29 0.0191727921477
126.82 0.019239395696
142.31 0.019300260069
142.99 0.0193608887466
152.9 0.0194182203205
154.34 0.019475093187
172.95 0.0195264505196
181.99 0.0195753763051
189.01 0.0196225123831
197.95 0.0196674838815
204.21 0.0197110108534
216.13 0.0197519363658
222.67 0.0197915118246
246.77 0.0198265325319
264.29 0.0198586084526
270.38 0.0198897249089
278.94 0.0199195446422
296 0.0199469485408
297.98 0.0199740857401
314.9 0.0199990514882
322.32 0.0200231225838
323.84 0.0200470145216
342.06 0.0200688621996
344.24 0.0200904775283
357.48 0.0201107344554
361.59 0.020130587474
367.82 0.0201498436164
372.6 0.0201686540251
387.13 0.0201861717886
388.46 0.0202035757444
427.23 0.0202179652013
707.86 0.0202214840637
710.25 0.0202249599326
716.79 0.0202283207318
718.63 0.0202316498256
734.13 0.0202347230651
736 0.0202377667532
737.89 0.0202407808529
740.38 0.0202437563954
866.75 0.0202452937016
872.86 0.0202467822011
874.44 0.0202482583267
879.94 0.0202496921537
1131.53 0.0202500628297
1132.09 0.0202504323748
1133.17 0.0202507997482
1133.49 0.0202511664806
1471.32 0.0202512228939
1492.12 0.0202512730865
1506.51 0.0202513193773
1536.51 0.0202513584725
1558.1 0.0202513930853
1575.86 0.0202514243951
1588.52 0.0202514535429
1657.13 0.0202514733038
52.93 0.020363084376
63.02 0.0204655853394
83.39 0.02055355537
102.43 0.0206309676282
111.49 0.0207040680793
120.65 0.0207731776676
139.05 0.0208351899087
145.49 0.0208949628352
147.79 0.0209539630804
160.15 0.0210090341143
165.58 0.0210624885768
174.84 0.0211133251454
191.36 0.0211598801735
194.68 0.0212056291277
197.24 0.0212507680675
201.74 0.0212948582789
208.96 0.0213373259237
231.03 0.0213752495008
241.64 0.0214111880308
257.84 0.0214443152659
264.57 0.0214763463778
277.14 0.0215064338977
283.11 0.02153564298
291.1 0.0215637188107
309.11 0.0215894065204
319.41 0.0216138244761
333.62 0.021636595923
341.4 0.0216585144443
348.4 0.02167969332
360.36 0.0216996663594
363.71 0.0217193142115
370.53 0.0217383163651
373.85 0.021757011924
385.14 0.0217747013543
392.33 0.0217917783152
410.3 0.0218074148792
710.09 0.0218108936104
712.1 0.0218143365486
716.91 0.0218176952712
718.11 0.0218210332958
733.92 0.0218241098712
735.02 0.0218271690117
737.95 0.0218301821767
739.95 0.0218331643435
870.97 0.0218346677771
873.62 0.0218361503121
875.38 0.0218376191236
878.9 0.0218390608574
1131.74 0.021839431109
1132.27 0.0218398002912
1132.91 0.0218401681863
1133.23 0.0218405354395
1477.99 0.0218405897792
1494.89 0.0218406391962
1500.9 0.0218406869712
1508.01 0.0218407328729
1564.85 0.0218407661916
1579.46 0.021840796871
1605.22 0.0218408233913
1633.03 0.0218408460467
52.93 0.0219524571189
63.02 0.0220549580823
83.39 0.0221429281129
102.43 0.0222203403711
111.49 0.0222934408222
120.65 0.0223625504105
139.05 0.0224245626516
145.49 0.0224843355781
147.79 0.0225433358233
160.15 0.0225984068572
165.58 0.0226518613197
174.84 0.0227026978883
191.36 0.0227492529164
194.68 0.0227950018706
197.24 0.0228401408104
201.74 0.0228842310218
208.96 0.0229266986666
231.03 0.0229646222437
241.64 0.0230005607737
257.84 0.0230336880088
264.57 0.0230657191207
277.14 0.0230958066406
283.11 0.0231250157229
291.1 0.0231530915536
309.11 0.0231787792633
319.41 0.023203197219
333.62 0.0232259686659
341.4 0.0232478871872
348.4 0.0232690660629
360.36 0.0232890391023
363.71 0.0233086869544
370.53 0.023327689108
373.85 0.0233463846669
385.14 0.0233640740972
392.33 0.0233811510581
410.3 0.0233967876221
710.09 0.0234002663533
712.1 0.0234037092915
716.91 0.0234070680141
718.11 0.0234104060387
733.92 0.0234134826141
735.02 0.0234165417546
737.95 0.0234195549196
739.95 0.0234225370864
870.97 0.02342404052
873.62 0.023425523055
875.38 0.0234269918665
878.9 0.0234284336003
1131.74 0.0234288038519
1132.27 0.0234291730341
1132.91 0.0234295409292
1133.23 0.0234299081824
1477.99 0.0234299625221
1494.89 0.0234300119391
1500.9 0.0234300597141
1508.01 0.0234301056158
1564.85 0.0234301389345
1579.46 0.0234301696139
1605.22 0.0234301961342
1633.03 0.0234302187896
-22.12 nan
44.83 nan
81.07 nan
85.32 nan
95.33 nan
117.62 nan
131.32 nan
138.56 nan
145.89 nan
159.54 nan
162.31 nan
170.29 nan
185.75 nan
188.78 nan
199.93 nan
200.98 nan
209.87 nan
221.23 nan
236.94 nan
252.64 nan
264.9 nan
275.26 nan
296.24 nan
312.47 nan
316.1 nan
326.72 nan
330.46 nan
339.25 nan
349.12 nan
354.91 nan
361.35 nan
368.68 nan
374.77 nan
381.23 nan
392.03 nan
429.68 nan
708.08 nan
708.19 nan
716.84 nan
717.57 nan
733.52 nan
736.24 nan
739.5 nan
742.79 nan
873 nan
876.18 nan
876.53 nan
881.33 nan
1132.06 nan
1132.79 nan
1133.99 nan
1135.37 nan
1467.81 nan
1483.28 nan
1490.81 nan
1503.35 nan
1561.03 nan
1568.07 nan
1602.84 nan
1609.86 nan
46.28 nan
61.49 nan
93.31 nan
103.52 nan
109.73 nan
125.35 nan
128.04 nan
132.16 nan
148.21 nan
153.63 nan
160.8 nan
169.58 nan
177.81 nan
191.44 nan
204.11 nan
206.74 nan
220.99 nan
221.75 nan
234.06 nan
242.94 nan
261.82 nan
268.02 nan
282.86 nan
290.88 nan
312 nan
332.9 nan
335.15 nan
340.38 nan
343.32 nan
357.91 nan
370.16 nan
371.53 nan
377.05 nan
382.03 nan
400.92 nan
415.53 nan
709.24 nan
711.69 nan
714.11 nan
716.53 nan
734.57 nan
735.67 nan
740.83 nan
742.32 nan
869.38 nan
878.18 nan
879.78 nan
881.11 nan
1132.37 nan
1132.77 nan
1134.55 nan
1134.92 nan
1469.7 nan
1476.25 nan
1492.01 nan
1504.57 nan
1557.28 nan
1563.36 nan
1593.2 nan
1643.65 nan
54.39 nan
56.17 nan
70.71 nan
96.87 nan
99.35 nan
111.77 nan
126.7 nan
137.9 nan
146.98 nan
166.42 nan
166.84 nan
178.31 nan
185.98 nan
193.55 nan
196.82 nan
203.47 nan
215.88 nan
234.01 nan
240.56 nan
246.02 nan
254.55 nan
269.38 nan
278.81 nan
291.72 nan
317.84 nan
321.57 nan
328.02 nan
335.96 nan
353.92 nan
356.9 nan
366.08 nan
373.59 nan
375.9 nan
381.82 nan
391.25 nan
433.11 nan
706.76 nan
707.96 nan
717.39 nan
718.15 nan
734.08 nan
734.92 nan
740.93 nan
742.63 nan
873.38 nan
874.49 nan
883.28 nan
891.54 nan
1131.99 nan
1133 nan
1134.29 nan
1135.15 nan
1465.25 nan
1469.11 nan
1494.37 nan
1494.79 nan
1539.84 nan
1563.29 nan
1579.35 nan
1627.48 nan
69.02 nan
83.57 nan
95.35 nan
104.61 nan
119.18 nan
125.56 nan
131.58 nan
140.32 nan
148.15 nan
150.74 nan
156.23 nan
171.31 nan
184.99 nan
188.96 nan
195.34 nan
200.22 nan
214.75 nan
218.5 nan
236.28 nan
243.91 nan
268.59 nan
283.51 nan
294.28 nan
299.79 nan
311.56 nan
321.98 nan
337.29 nan
343.94 nan
349.92 nan
353.02 nan
366.43 nan
370.39 nan
373.51 nan
382.11 nan
390.39 nan
429.47 nan
709.3 nan
710.17 nan
717.12 nan
717.43 nan
733.12 nan
734.7 nan
737.62 nan
740.45 nan
870.05 nan
873.41 nan
876.19 nan
880.12 nan
1131.36 nan
1131.52 nan
1133.24 nan
1134.05 nan
1468.35 nan
1487.47 nan
1502.7 nan
1524.58 nan
1554.09 nan
1568.48 nan
1598.76 nan
1633.55 nan
60.88 nan
80.71 nan
88.4 nan
104.24 nan
117 nan
119.11 nan
130.24 nan
142.19 nan
149.51 nan
153.23 nan
170.31 nan
177.86 nan
180.9 nan
193.01 nan
202.16 nan
210.44 nan
218.96 nan
226.12 nan
237.16 nan
255.85 nan
259.77 nan
269.05 nan
283.87 nan
296.94 nan
307.81 nan
322.53 nan
337.69 nan
342.6 nan
350.66 nan
359.74 nan
365.44 nan
368.38 nan
383.06 nan
384.7 nan
392.9 nan
399.01 nan
710.11 nan
713.33 nan
715.06 nan
718.03 nan
732.95 nan
734.38 nan
738.5 nan
740.5 nan
869.71 nan
877.36 nan
877.84 nan
878.49 nan
1131.23 nan
1131.88 nan
1133.4 nan
1133.81 nan
1475.28 nan
1487.07 nan
1496.1 nan
1519.3 nan
1555.14 nan
1568.94 nan
1593.12 nan
1639.08 nan
44.61 nan
69.22 nan
75.78 nan
106.59 nan
117.69 nan
123.64 nan
135.33 nan
136.56 nan
155.11 nan
158.26 nan
170.46 nan
179.36 nan
191.04 nan
201.29 nan
202.78 nan
205.77 nan
217.05 nan
219.11 nan
230.22 nan
250.11 nan
270.54 nan
281.78 nan
285.36 nan
296.92 nan
305.85 nan
324.22 nan
331.16 nan
334.12 nan
348.76 nan
359.42 nan
362.03 nan
369.05 nan
375.08 nan
385.24 nan
389.16 nan
415.96 nan
708.42 nan
710.38 nan
717.98 nan
718.72 nan
733.39 nan
733.73 nan
738.85 nan
740.43 nan
873.54 nan
873.89 nan
879.36 nan
881.19 nan
1131.19 nan
1131.98 nan
1133.14 nan
1133.75 nan
1471.62 nan
1487.06 nan
1510.72 nan
1522.68 nan
1548.13 nan
1560.92 nan
1587.98 nan
1623.9 nan
81.25 nan
85.74 nan
97.22 nan
104.01 nan
127.03 nan
131.89 nan
135.82 nan
140.57 nan
154.53 nan
166.74 nan
169.2 nan
177.56 nan
182.46 nan
188.37 nan
200.1 nan
204.89 nan
215.2 nan
225.35 nan
249.98 nan
265.09 nan
272.59 nan
274.22 nan
286.83 nan
291.92 nan
307.81 nan
324.15 nan
336.29 nan
347.52 nan
354.75 nan
361.03 nan
366.21 nan
367.77 nan
375.78 nan
386.24 nan
389.03 nan
395.74 nan
712.42 nan
712.81 nan
715.44 nan
716.39 nan
732.03 nan
732.33 nan
737.51 nan
739 nan
869.26 nan
871.08 nan
876.16 nan
877.7 nan
1129.61 nan
1130.05 nan
1131.83 nan
1132.48 nan
1479.8 nan
1486.45 nan
1525.08 nan
1534.58 nan
1546.92 nan
1554.17 nan
1619.07 nan
1635.27 nan
63.24 nan
85.36 nan
96.96 nan
112.72 nan
124.43 nan
133.1 nan
139.06 nan
148.49 nan
160.39 nan
166.01 nan
169.38 nan
177.12 nan
178.76 nan
192.72 nan
205.5 nan
210.35 nan
216.13 nan
224.64 nan
245.55 nan
251.28 nan
264.07 nan
272.66 nan
284.3 nan
306.36 nan
314.78 nan
324.39 nan
339.57 nan
347.37 nan
348.39 nan
361.1 nan
364.39 nan
366.49 nan
374.57 nan
380.17 nan
389.21 nan
390.13 nan
711.72 nan
713.35 nan
715.89 nan
716.85 nan
731.74 nan
732.26 nan
737.78 nan
739.18 nan
871.17 nan
874 nan
875.84 nan
876.04 nan
1129.7 nan
1130.35 nan
1131.62 nan
1132.04 nan
1483.73 nan
1488.05 nan
1518.7 nan
1527.75 nan
1558.58 nan
1565.85 nan
1608.16 nan
1626.92 nan
77.49 nan
87.96 nan
101.23 nan
108.09 nan
120.69 nan
129.65 nan
135.66 nan
149.1 nan
151.46 nan
168.64 nan
172.48 nan
180.56 nan
193.57 nan
199.31 nan
208.43 nan
210.26 nan
214.79 nan
223.22 nan
244.44 nan
258.74 nan
266.4 nan
274.63 nan
287.54 nan
290.44 nan
313.46 nan
331.75 nan
335.08 nan
340.65 nan
343.88 nan
356.73 nan
361.75 nan
369.42 nan
375.42 nan
381.03 nan
387.82 nan
392.75 nan
711.67 nan
712.98 nan
717.42 nan
718.3 nan
731.49 nan
731.75 nan
737.24 nan
737.68 nan
872.53 nan
872.98 nan
874.77 nan
877.37 nan
1130.12 nan
1130.35 nan
1131.32 nan
1131.72 nan
1482.76 nan
1488.24 nan
1529.36 nan
1535 nan
1558.54 nan
1565.15 nan
1604.3 nan
1616.46 nan
81.25 nan
85.74 nan
97.22 nan
104.01 nan
127.03 nan
131.89 nan
135.82 nan
140.57 nan
154.53 nan
166.74 nan
169.2 nan
177.56 nan
182.46 nan
188.37 nan
200.1 nan
204.89 nan
215.2 nan
225.35 nan
249.98 nan
265.09 nan
272.59 nan
274.22 nan
286.83 nan
291.92 nan
307.81 nan
324.15 nan
336.29 nan
347.52 nan
354.75 nan
361.03 nan
366.21 nan
367.77 nan
375.78 nan
386.24 nan
389.03 nan
395.74 nan
712.42 nan
712.81 nan
715.44 nan
716.39 nan
732.03 nan
732.33 nan
737.51 nan
739 nan
869.26 nan
871.08 nan
876.16 nan
877.7 nan
1129.61 nan
1130.05 nan
1131.83 nan
1132.48 nan
1479.8 nan
1486.45 nan
1525.08 nan
1534.58 nan
1546.92 nan
1554.17 nan
1619.07 nan
1635.27 nan
63.24 nan
85.36 nan
96.96 nan
112.72 nan
124.43 nan
133.1 nan
139.06 nan
148.49 nan
160.39 nan
166.01 nan
169.38 nan
177.12 nan
178.76 nan
192.72 nan
205.5 nan
210.35 nan
216.13 nan
224.64 nan
245.55 nan
251.28 nan
264.07 nan
272.66 nan
284.3 nan
306.36 nan
314.78 nan
324.39 nan
339.57 nan
347.37 nan
348.39 nan
361.1 nan
364.39 nan
366.49 nan
374.57 nan
380.17 nan
389.21 nan
390.13 nan
711.72 nan
713.35 nan
715.89 nan
716.85 nan
731.74 nan
732.26 nan
737.78 nan
739.18 nan
871.17 nan
874 nan
875.84 nan
876.04 nan
1129.7 nan
1130.35 nan
1131.62 nan
1132.04 nan
1483.73 nan
1488.05 nan
1518.7 nan
1527.75 nan
1558.58 nan
1565.85 nan
1608.16 nan
1626.92 nan
77.49 nan
87.96 nan
101.23 nan
108.09 nan
120.69 nan
129.65 nan
135.66 nan
149.1 nan
151.46 nan
168.64 nan
172.48 nan
180.56 nan
193.57 nan
199.31 nan
208.43 nan
210.26 nan
214.79 nan
223.22 nan
244.44 nan
258.74 nan
266.4 nan
274.63 nan
287.54 nan
290.44 nan
313.46 nan
331.75 nan
335.08 nan
340.65 nan
343.88 nan
356.73 nan
361.75 nan
369.42 nan
375.42 nan
381.03 nan
387.82 nan
392.75 nan
711.67 nan
712.98 nan
717.42 nan
718.3 nan
731.49 nan
731.75 nan
737.24 nan
737.68 nan
872.53 nan
872.98 nan
874.77 nan
877.37 nan
1130.12 nan
1130.35 nan
1131.32 nan
1131.72 nan
1482.76 nan
1488.24 nan
1529.36 nan
1535 nan
1558.54 nan
1565.15 nan
1604.3 nan
1616.46 nan
69.02 nan
83.57 nan
95.35 nan
104.61 nan
119.18 nan
125.56 nan
131.58 nan
140.32 nan
148.15 nan
150.74 nan
156.23 nan
171.31 nan
184.99 nan
188.96 nan
195.34 nan
200.22 nan
214.75 nan
218.5 nan
236.28 nan
243.91 nan
268.59 nan
283.51 nan
294.28 nan
299.79 nan
311.56 nan
321.98 nan
337.29 nan
343.94 nan
349.92 nan
353.02 nan
366.43 nan
370.39 nan
373.51 nan
382.11 nan
390.39 nan
429.47 nan
709.3 nan
710.17 nan
717.12 nan
717.43 nan
733.12 nan
734.7 nan
737.62 nan
740.45 nan
870.05 nan
873.41 nan
876.19 nan
880.12 nan
1131.36 nan
1131.52 nan
1133.24 nan
1134.05 nan
1468.35 nan
1487.47 nan
1502.7 nan
1524.58 nan
1554.09 nan
1568.48 nan
1598.76 nan
1633.55 nan
60.88 nan
80.71 nan
88.4 nan
104.24 nan
117 nan
119.11 nan
130.24 nan
142.19 nan
149.51 nan
153.23 nan
170.31 nan
177.86 nan
180.9 nan
193.01 nan
202.16 nan
210.44 nan
218.96 nan
226.12 nan
237.16 nan
255.85 nan
259.77 nan
269.05 nan
283.87 nan
296.94 nan
307.81 nan
322.53 nan
337.69 nan
342.6 nan
350.66 nan
359.74 nan
365.44 nan
368.38 nan
383.06 nan
384.7 nan
392.9 nan
399.01 nan
710.11 nan
713.33 nan
715.06 nan
718.03 nan
732.95 nan
734.38 nan
738.5 nan
740.5 nan
869.71 nan
877.36 nan
877.84 nan
878.49 nan
1131.23 nan
1131.88 nan
1133.4 nan
1133.81 nan
1475.28 nan
1487.07 nan
1496.1 nan
1519.3 nan
1555.14 nan
1568.94 nan
1593.12 nan
1639.08 nan
44.61 nan
69.22 nan
75.78 nan
106.59 nan
117.69 nan
123.64 nan
135.33 nan
136.56 nan
155.11 nan
158.26 nan
170.46 nan
179.36 nan
191.04 nan
201.29 nan
202.78 nan
205.77 nan
217.05 nan
219.11 nan
230.22 nan
250.11 nan
270.54 nan
281.78 nan
285.36 nan
296.92 nan
305.85 nan
324.22 nan
331.16 nan
334.12 nan
348.76 nan
359.42 nan
362.03 nan
369.05 nan
375.08 nan
385.24 nan
389.16 nan
415.96 nan
708.42 nan
710.38 nan
717.98 nan
718.72 nan
733.39 nan
733.73 nan
738.85 nan
740.43 nan
873.54 nan
873.89 nan
879.36 nan
881.19 nan
1131.19 nan
1131.98 nan
1133.14 nan
1133.75 nan
1471.62 nan
1487.06 nan
1510.72 nan
1522.68 nan
1548.13 nan
1560.92 nan
1587.98 nan
1623.9 nan
11.03 nan
70.38 nan
70.89 nan
96.19 nan
104.78 nan
126.05 nan
129.06 nan
130.47 nan
140.21 nan
148.36 nan
148.69 nan
179.84 nan
190.26 nan
204.33 nan
207.99 nan
208.1 nan
214.04 nan
228.9 nan
235.06 nan
237.63 nan
247.61 nan
265.86 nan
298.32 nan
318.22 nan
321.67 nan
332.61 nan
340.82 nan
343.16 nan
345.37 nan
356.53 nan
360.46 nan
362.95 nan
378.98 nan
387.88 nan
390.25 nan
395.6 nan
708.72 nan
712.66 nan
713.33 nan
716.63 nan
733.49 nan
736.23 nan
740.3 nan
742.49 nan
872.59 nan
876.59 nan
880.25 nan
880.44 nan
1132.07 nan
1132.09 nan
1134.45 nan
1135.58 nan
1469.57 nan
1485.2 nan
1490.85 nan
1509.11 nan
1558.55 nan
1561.45 nan
1599.41 nan
1601.96 nan
49.04 nan
80.01 nan
87.37 nan
103 nan
103.77 nan
115.75 nan
123.31 nan
129.26 nan
152.72 nan
169.02 nan
182.07 nan
182.44 nan
189.47 nan
189.81 nan
197.19 nan
211.53 nan
212.66 nan
220.23 nan
232.47 nan
233.06 nan
256.44 nan
262.85 nan
266.68 nan
290.47 nan
325.37 nan
328.36 nan
337.85 nan
346.34 nan
346.36 nan
353.63 nan
362.17 nan
363.23 nan
374.74 nan
384.26 nan
407.73 nan
414.4 nan
707.58 nan
708.39 nan
717.32 nan
717.61 nan
733.65 nan
734.99 nan
741.47 nan
742.38 nan
872.42 nan
876.23 nan
886.15 nan
886.47 nan
1131.96 nan
1132.12 nan
1134.76 nan
1135.21 nan
1468.43 nan
1475.41 nan
1488.65 nan
1500.75 nan
1545.99 nan
1551.77 nan
1605.13 nan
1609.86 nan
49.04 nan
80.01 nan
87.37 nan
103 nan
103.77 nan
115.75 nan
123.31 nan
129.26 nan
152.72 nan
169.02 nan
182.07 nan
182.44 nan
189.47 nan
189.81 nan
197.19 nan
211.53 nan
212.66 nan
220.23 nan
232.47 nan
233.06 nan
256.44 nan
262.85 nan
266.68 nan
290.47 nan
325.37 nan
328.36 nan
337.85 nan
346.34 nan
346.36 nan
353.63 nan
362.17 nan
363.23 nan
374.74 nan
384.26 nan
407.73 nan
414.4 nan
707.58 nan
708.39 nan
717.32 nan
717.61 nan
733.65 nan
734.99 nan
741.47 nan
742.38 nan
872.42 nan
876.23 nan
886.15 nan
886.47 nan
1131.96 nan
1132.12 nan
1134.76 nan
1135.21 nan
1468.43 nan
1475.41 nan
1488.65 nan
1500.75 nan
1545.99 nan
1551.77 nan
1605.13 nan
1609.86 nan
81.61 nan
90.22 nan
101.21 nan
114.17 nan
119.13 nan
126.84 nan
130.82 nan
132.01 nan
141.89 nan
144.64 nan
155.29 nan
171.1 nan
175.36 nan
189.15 nan
192.48 nan
208.23 nan
217.44 nan
219.09 nan
244.9 nan
257.33 nan
261.75 nan
267.59 nan
297.53 nan
299.89 nan
311.97 nan
327.24 nan
339.28 nan
349.53 nan
352.84 nan
359.57 nan
361.96 nan
367.47 nan
376.29 nan
384.82 nan
398.38 nan
403.81 nan
709.58 nan
713.24 nan
714.39 nan
717.05 nan
732.49 nan
733.69 nan
738.87 nan
740.64 nan
870.97 nan
874.37 nan
879.1 nan
879.18 nan
1131.21 nan
1131.39 nan
1133.91 nan
1134.08 nan
1469.51 nan
1481.15 nan
1499.59 nan
1527.03 nan
1549.38 nan
1559.19 nan
1608.08 nan
1616.17 nan
60.42 nan
81.32 nan
95.45 nan
105.31 nan
108.94 nan
127.33 nan
133.83 nan
150.92 nan
157.18 nan
160.07 nan
168.24 nan
176.73 nan
182.42 nan
192.54 nan
200.75 nan
211.92 nan
213.37 nan
218.66 nan
241.37 nan
249.33 nan
257.1 nan
269.54 nan
279.51 nan
296.24 nan
315.92 nan
320.97 nan
339.45 nan
344.73 nan
347.49 nan
354.94 nan
362.36 nan
368.35 nan
377.99 nan
384.65 nan
395.54 nan
410.47 nan
709.07 nan
710.18 nan
717.71 nan
718.21 nan
732.53 nan
733.27 nan
739.43 nan
740.08 nan
872.03 nan
875.73 nan
880.75 nan
882.41 nan
1131.07 nan
1131.36 nan
1133.68 nan
1133.93 nan
1469.6 nan
1477.41 nan
1506.41 nan
1525.93 nan
1544.58 nan
1551.96 nan
1605.22 nan
1613.37 nan
60.42 nan
81.32 nan
95.45 nan
105.31 nan
108.94 nan
127.33 nan
133.83 nan
150.92 nan
157.18 nan
160.07 nan
168.24 nan
176.73 nan
182.42 nan
192.54 nan
200.75 nan
211.92 nan
213.37 nan
218.66 nan
241.37 nan
249.33 nan
257.1 nan
269.54 nan
279.51 nan
296.24 nan
315.92 nan
320.97 nan
339.45 nan
344.73 nan
347.49 nan
354.94 nan
362.36 nan
368.35 nan
377.99 nan
384.65 nan
395.54 nan
410.47 nan
709.07 nan
710.18 nan
717.71 nan
718.21 nan
732.53 nan
733.27 nan
739.43 nan
740.08 nan
872.03 nan
875.73 nan
880.75 nan
882.41 nan
1131.07 nan
1131.36 nan
1133.68 nan
1133.93 nan
1469.6 nan
1477.41 nan
1506.41 nan
1525.93 nan
1544.58 nan
1551.96 nan
1605.22 nan
1613.37 nan
78.74 nan
87.11 nan
112.5 nan
113.01 nan
122.73 nan
124.53 nan
134.19 nan
142.49 nan
146.76 nan
151.8 nan
154.52 nan
163.49 nan
185.52 nan
185.73 nan
193.74 nan
208.35 nan
225.63 nan
233 nan
239.65 nan
268.14 nan
274.12 nan
284.89 nan
298.08 nan
301.44 nan
301.46 nan
315.58 nan
343.81 nan
346.95 nan
360.2 nan
361.56 nan
366.84 nan
373.27 nan
378.48 nan
385.68 nan
387.85 nan
393.13 nan
711.46 nan
712.88 nan
715.4 nan
715.81 nan
731.09 nan
731.47 nan
738.54 nan
740.24 nan
869.72 nan
871.14 nan
877.13 nan
877.16 nan
1129.22 nan
1129.91 nan
1132.26 nan
1132.79 nan
1474.58 nan
1478.19 nan
1521.7 nan
1532.54 nan
1543.37 nan
1550.02 nan
1624.34 nan
1628.26 nan
77.99 nan
98.8 nan
115.24 nan
118.48 nan
123.03 nan
129.19 nan
139.17 nan
144.14 nan
155.39 nan
159.71 nan
161 nan
179.5 nan
182.13 nan
190.76 nan
196.21 nan
210.35 nan
218.95 nan
224.75 nan
240.17 nan
251.03 nan
275.76 nan
281.02 nan
289.76 nan
301.96 nan
313.07 nan
326.73 nan
332.58 nan
338.72 nan
355.42 nan
358.6 nan
364.93 nan
372.81 nan
379.32 nan
383.11 nan
385.26 nan
393.79 nan
711.44 nan
712.37 nan
717.25 nan
717.98 nan
730.57 nan
731.02 nan
737.35 nan
738 nan
871.87 nan
874.04 nan
875.55 nan
877.27 nan
1129.66 nan
1130.18 nan
1131.81 nan
1132.06 nan
1476.58 nan
1480.38 nan
1531.16 nan
1539.31 nan
1546.77 nan
1552.89 nan
1611.3 nan
1616.05 nan
77.99 nan
98.8 nan
115.24 nan
118.48 nan
123.03 nan
129.19 nan
139.17 nan
144.14 nan
155.39 nan
159.71 nan
161 nan
179.5 nan
182.13 nan
190.76 nan
196.21 nan
210.35 nan
218.95 nan
224.75 nan
240.17 nan
251.03 nan
275.76 nan
281.02 nan
289.76 nan
301.96 nan
313.07 nan
326.73 nan
332.58 nan
338.72 nan
355.42 nan
358.6 nan
364.93 nan
372.81 nan
379.32 nan
383.11 nan
385.26 nan
393.79 nan
711.44 nan
712.37 nan
717.25 nan
717.98 nan
730.57 nan
731.02 nan
737.35 nan
738 nan
871.87 nan
874.04 nan
875.55 nan
877.27 nan
1129.66 nan
1130.18 nan
1131.81 nan
1132.06 nan
1476.58 nan
1480.38 nan
1531.16 nan
1539.31 nan
1546.77 nan
1552.89 nan
1611.3 nan
1616.05 nan
78.74 nan
87.11 nan
112.5 nan
113.01 nan
122.73 nan
124.53 nan
134.19 nan
142.49 nan
146.76 nan
151.8 nan
154.52 nan
163.49 nan
185.52 nan
185.73 nan
193.74 nan
208.35 nan
225.63 nan
233 nan
239.65 nan
268.14 nan
274.12 nan
284.89 nan
298.08 nan
301.44 nan
301.46 nan
315.58 nan
343.81 nan
346.95 nan
360.2 nan
361.56 nan
366.84 nan
373.27 nan
378.48 nan
385.68 nan
387.85 nan
393.13 nan
711.46 nan
712.88 nan
715.4 nan
715.81 nan
731.09 nan
731.47 nan
738.54 nan
740.24 nan
869.72 nan
871.14 nan
877.13 nan
877.16 nan
1129.22 nan
1129.91 nan
1132.26 nan
1132.79 nan
1474.58 nan
1478.19 nan
1521.7 nan
1532.54 nan
1543.37 nan
1550.02 nan
1624.34 nan
1628.26 nan
77.99 nan
98.8 nan
115.24 nan
118.48 nan
123.03 nan
129.19 nan
139.17 nan
144.14 nan
155.39 nan
159.71 nan
161 nan
179.5 nan
182.13 nan
190.76 nan
196.21 nan
210.35 nan
218.95 nan
224.75 nan
240.17 nan
251.03 nan
275.76 nan
281.02 nan
289.76 nan
301.96 nan
313.07 nan
326.73 nan
332.58 nan
338.72 nan
355.42 nan
358.6 nan
364.93 nan
372.81 nan
379.32 nan
383.11 nan
385.26 nan
393.79 nan
711.44 nan
712.37 nan
717.25 nan
717.98 nan
730.57 nan
731.02 nan
737.35 nan
738 nan
871.87 nan
874.04 nan
875.55 nan
877.27 nan
1129.66 nan
1130.18 nan
1131.81 nan
1132.06 nan
1476.58 nan
1480.38 nan
1531.16 nan
1539.31 nan
1546.77 nan
1552.89 nan
1611.3 nan
1616.05 nan
77.99 nan
98.8 nan
115.24 nan
118.48 nan
123.03 nan
129.19 nan
139.17 nan
144.14 nan
155.39 nan
159.71 nan
161 nan
179.5 nan
182.13 nan
190.76 nan
196.21 nan
210.35 nan
218.95 nan
224.75 nan
240.17 nan
251.03 nan
275.76 nan
281.02 nan
289.76 nan
301.96 nan
313.07 nan
326.73 nan
332.58 nan
338.72 nan
355.42 nan
358.6 nan
364.93 nan
372.81 nan
379.32 nan
383.11 nan
385.26 nan
393.79 nan
711.44 nan
712.37 nan
717.25 nan
717.98 nan
730.57 nan
731.02 nan
737.35 nan
738 nan
871.87 nan
874.04 nan
875.55 nan
877.27 nan
1129.66 nan
1130.18 nan
1131.81 nan
1132.06 nan
1476.58 nan
1480.38 nan
1531.16 nan
1539.31 nan
1546.77 nan
1552.89 nan
1611.3 nan
1616.05 nan
81.61 nan
90.22 nan
101.21 nan
114.17 nan
119.13 nan
126.84 nan
130.82 nan
132.01 nan
141.89 nan
144.64 nan
155.29 nan
171.1 nan
175.36 nan
189.15 nan
192.48 nan
208.23 nan
217.44 nan
219.09 nan
244.9 nan
257.33 nan
261.75 nan
267.59 nan
297.53 nan
299.89 nan
311.97 nan
327.24 nan
339.28 nan
349.53 nan
352.84 nan
359.57 nan
361.96 nan
367.47 nan
376.29 nan
384.82 nan
398.38 nan
403.81 nan
709.58 nan
713.24 nan
714.39 nan
717.05 nan
732.49 nan
733.69 nan
738.87 nan
740.64 nan
870.97 nan
874.37 nan
879.1 nan
879.18 nan
1131.21 nan
1131.39 nan
1133.91 nan
1134.08 nan
1469.51 nan
1481.15 nan
1499.59 nan
1527.03 nan
1549.38 nan
1559.19 nan
1608.08 nan
1616.17 nan
60.42 nan
81.32 nan
95.45 nan
105.31 nan
108.94 nan
127.33 nan
133.83 nan
150.92 nan
157.18 nan
160.07 nan
168.24 nan
176.73 nan
182.42 nan
192.54 nan
200.75 nan
211.92 nan
213.37 nan
218.66 nan
241.37 nan
249.33 nan
257.1 nan
269.54 nan
279.51 nan
296.24 nan
315.92 nan
320.97 nan
339.45 nan
344.73 nan
347.49 nan
354.94 nan
362.36 nan
368.35 nan
377.99 nan
384.65 nan
395.54 nan
410.47 nan
709.07 nan
710.18 nan
717.71 nan
718.21 nan
732.53 nan
733.27 nan
739.43 nan
740.08 nan
872.03 nan
875.73 nan
880.75 nan
882.41 nan
1131.07 nan
1131.36 nan
1133.68 nan
1133.93 nan
1469.6 nan
1477.41 nan
1506.41 nan
1525.93 nan
1544.58 nan
1551.96 nan
1605.22 nan
1613.37 nan
60.42 nan
81.32 nan
95.45 nan
105.31 nan
108.94 nan
127.33 nan
133.83 nan
150.92 nan
157.18 nan
160.07 nan
168.24 nan
176.73 nan
182.42 nan
192.54 nan
200.75 nan
211.92 nan
213.37 nan
218.66 nan
241.37 nan
249.33 nan
257.1 nan
269.54 nan
279.51 nan
296.24 nan
315.92 nan
320.97 nan
339.45 nan
344.73 nan
347.49 nan
354.94 nan
362.36 nan
368.35 nan
377.99 nan
384.65 nan
395.54 nan
410.47 nan
709.07 nan
710.18 nan
717.71 nan
718.21 nan
732.53 nan
733.27 nan
739.43 nan
740.08 nan
872.03 nan
875.73 nan
880.75 nan
882.41 nan
1131.07 nan
1131.36 nan
1133.68 nan
1133.93 nan
1469.6 nan
1477.41 nan
1506.41 nan
1525.93 nan
1544.58 nan
1551.96 nan
1605.22 nan
1613.37 nan
-22.12 nan
44.83 nan
81.07 nan
85.32 nan
95.33 nan
117.62 nan
131.32 nan
138.56 nan
145.89 nan
159.54 nan
162.31 nan
170.29 nan
185.75 nan
188.78 nan
199.93 nan
200.98 nan
209.87 nan
221.23 nan
236.94 nan
252.64 nan
264.9 nan
275.26 nan
296.24 nan
312.47 nan
316.1 nan
326.72 nan
330.46 nan
339.25 nan
349.12 nan
354.91 nan
361.35 nan
368.68 nan
374.77 nan
381.23 nan
392.03 nan
429.68 nan
708.08 nan
708.19 nan
716.84 nan
717.57 nan
733.52 nan
736.24 nan
739.5 nan
742.79 nan
873 nan
876.18 nan
876.53 nan
881.33 nan
1132.06 nan
1132.79 nan
1133.99 nan
1135.37 nan
1467.81 nan
1483.28 nan
1490.81 nan
1503.35 nan
1561.03 nan
1568.07 nan
1602.84 nan
1609.86 nan
54.39 nan
56.17 nan
70.71 nan
96.87 nan
99.35 nan
111.77 nan
126.7 nan
137.9 nan
146.98 nan
166.42 nan
166.84 nan
178.31 nan
185.98 nan
193.55 nan
196.82 nan
203.47 nan
215.88 nan
234.01 nan
240.56 nan
246.02 nan
254.55 nan
269.38 nan
278.81 nan
291.72 nan
317.84 nan
321.57 nan
328.02 nan
335.96 nan
353.92 nan
356.9 nan
366.08 nan
373.59 nan
375.9 nan
381.82 nan
391.25 nan
433.11 nan
706.76 nan
707.96 nan
717.39 nan
718.15 nan
734.08 nan
734.92 nan
740.93 nan
742.63 nan
873.38 nan
874.49 nan
883.28 nan
891.54 nan
1131.99 nan
1133 nan
1134.29 nan
1135.15 nan
1465.25 nan
1469.11 nan
1494.37 nan
1494.79 nan
1539.84 nan
1563.29 nan
1579.35 nan
1627.48 nan
46.28 nan
61.49 nan
93.31 nan
103.52 nan
109.73 nan
125.35 nan
128.04 nan
132.16 nan
148.21 nan
153.63 nan
160.8 nan
169.58 nan
177.81 nan
191.44 nan
204.11 nan
206.74 nan
220.99 nan
221.75 nan
234.06 nan
242.94 nan
261.82 nan
268.02 nan
282.86 nan
290.88 nan
312 nan
332.9 nan
335.15 nan
340.38 nan
343.32 nan
357.91 nan
370.16 nan
371.53 nan
377.05 nan
382.03 nan
400.92 nan
415.53 nan
709.24 nan
711.69 nan
714.11 nan
716.53 nan
734.57 nan
735.67 nan
740.83 nan
742.32 nan
869.38 nan
878.18 nan
879.78 nan
881.11 nan
1132.37 nan
1132.77 nan
1134.55 nan
1134.92 nan
1469.7 nan
1476.25 nan
1492.01 nan
1504.57 nan
1557.28 nan
1563.36 nan
1593.2 nan
1643.65 nan
69.02 nan
83.57 nan
95.35 nan
104.61 nan
119.18 nan
125.56 nan
131.58 nan
140.32 nan
148.15 nan
150.74 nan
156.23 nan
171.31 nan
184.99 nan
188.96 nan
195.34 nan
200.22 nan
214.75 nan
218.5 nan
236.28 nan
243.91 nan
268.59 nan
283.51 nan
294.28 nan
299.79 nan
311.56 nan
321.98 nan
337.29 nan
343.94 nan
349.92 nan
353.02 nan
366.43 nan
370.39 nan
373.51 nan
382.11 nan
390.39 nan
429.47 nan
709.3 nan
710.17 nan
717.12 nan
717.43 nan
733.12 nan
734.7 nan
737.62 nan
740.45 nan
870.05 nan
873.41 nan
876.19 nan
880.12 nan
1131.36 nan
1131.52 nan
1133.24 nan
1134.05 nan
1468.35 nan
1487.47 nan
1502.7 nan
1524.58 nan
1554.09 nan
1568.48 nan
1598.76 nan
1633.55 nan
44.61 nan
69.22 nan
75.78 nan
106.59 nan
117.69 nan
123.64 nan
135.33 nan
136.56 nan
155.11 nan
158.26 nan
170.46 nan
179.36 nan
191.04 nan
201.29 nan
202.78 nan
205.77 nan
217.05 nan
219.11 nan
230.22 nan
250.11 nan
270.54 nan
281.78 nan
285.36 nan
296.92 nan
305.85 nan
324.22 nan
331.16 nan
334.12 nan
348.76 nan
359.42 nan
362.03 nan
369.05 nan
375.08 nan
385.24 nan
389.16 nan
415.96 nan
708.42 nan
710.38 nan
717.98 nan
718.72 nan
733.39 nan
733.73 nan
738.85 nan
740.43 nan
873.54 nan
873.89 nan
879.36 nan
881.19 nan
1131.19 nan
1131.98 nan
1133.14 nan
1133.75 nan
1471.62 nan
1487.06 nan
1510.72 nan
1522.68 nan
1548.13 nan
1560.92 nan
1587.98 nan
1623.9 nan
60.88 nan
80.71 nan
88.4 nan
104.24 nan
117 nan
119.11 nan
130.24 nan
142.19 nan
149.51 nan
153.23 nan
170.31 nan
177.86 nan
180.9 nan
193.01 nan
202.16 nan
210.44 nan
218.96 nan
226.12 nan
237.16 nan
255.85 nan
259.77 nan
269.05 nan
283.87 nan
296.94 nan
307.81 nan
322.53 nan
337.69 nan
342.6 nan
350.66 nan
359.74 nan
365.44 nan
368.38 nan
383.06 nan
384.7 nan
392.9 nan
399.01 nan
710.11 nan
713.33 nan
715.06 nan
718.03 nan
732.95 nan
734.38 nan
738.5 nan
740.5 nan
869.71 nan
877.36 nan
877.84 nan
878.49 nan
1131.23 nan
1131.88 nan
1133.4 nan
1133.81 nan
1475.28 nan
1487.07 nan
1496.1 nan
1519.3 nan
1555.14 nan
1568.94 nan
1593.12 nan
1639.08 nan
81.25 nan
85.74 nan
97.22 nan
104.01 nan
127.03 nan
131.89 nan
135.82 nan
140.57 nan
154.53 nan
166.74 nan
169.2 nan
177.56 nan
182.46 nan
188.37 nan
200.1 nan
204.89 nan
215.2 nan
225.35 nan
249.98 nan
265.09 nan
272.59 nan
274.22 nan
286.83 nan
291.92 nan
307.81 nan
324.15 nan
336.29 nan
347.52 nan
354.75 nan
361.03 nan
366.21 nan
367.77 nan
375.78 nan
386.24 nan
389.03 nan
395.74 nan
712.42 nan
712.81 nan
715.44 nan
716.39 nan
732.03 nan
732.33 nan
737.51 nan
739 nan
869.26 nan
871.08 nan
876.16 nan
877.7 nan
1129.61 nan
1130.05 nan
1131.83 nan
1132.48 nan
1479.8 nan
1486.45 nan
1525.08 nan
1534.58 nan
1546.92 nan
1554.17 nan
1619.07 nan
1635.27 nan
77.49 nan
87.96 nan
101.23 nan
108.09 nan
120.69 nan
129.65 nan
135.66 nan
149.1 nan
151.46 nan
168.64 nan
172.48 nan
180.56 nan
193.57 nan
199.31 nan
208.43 nan
210.26 nan
214.79 nan
223.22 nan
244.44 nan
258.74 nan
266.4 nan
274.63 nan
287.54 nan
290.44 nan
313.46 nan
331.75 nan
335.08 nan
340.65 nan
343.88 nan
356.73 nan
361.75 nan
369.42 nan
375.42 nan
381.03 nan
387.82 nan
392.75 nan
711.67 nan
712.98 nan
717.42 nan
718.3 nan
731.49 nan
731.75 nan
737.24 nan
737.68 nan
872.53 nan
872.98 nan
874.77 nan
877.37 nan
1130.12 nan
1130.35 nan
1131.32 nan
1131.72 nan
1482.76 nan
1488.24 nan
1529.36 nan
1535 nan
1558.54 nan
1565.15 nan
1604.3 nan
1616.46 nan
63.24 nan
85.36 nan
96.96 nan
112.72 nan
124.43 nan
133.1 nan
139.06 nan
148.49 nan
160.39 nan
166.01 nan
169.38 nan
177.12 nan
178.76 nan
192.72 nan
205.5 nan
210.35 nan
216.13 nan
224.64 nan
245.55 nan
251.28 nan
264.07 nan
272.66 nan
284.3 nan
306.36 nan
314.78 nan
324.39 nan
339.57 nan
347.37 nan
348.39 nan
361.1 nan
364.39 nan
366.49 nan
374.57 nan
380.17 nan
389.21 nan
390.13 nan
711.72 nan
713.35 nan
715.89 nan
716.85 nan
731.74 nan
732.26 nan
737.78 nan
739.18 nan
871.17 nan
874 nan
875.84 nan
876.04 nan
1129.7 nan
1130.35 nan
1131.62 nan
1132.04 nan
1483.73 nan
1488.05 nan
1518.7 nan
1527.75 nan
1558.58 nan
1565.85 nan
1608.16 nan
1626.92 nan
81.25 nan
85.74 nan
97.22 nan
104.01 nan
127.03 nan
131.89 nan
135.82 nan
140.57 nan
154.53 nan
166.74 nan
169.2 nan
177.56 nan
182.46 nan
188.37 nan
200.1 nan
204.89 nan
215.2 nan
225.35 nan
249.98 nan
265.09 nan
272.59 nan
274.22 nan
286.83 nan
291.92 nan
307.81 nan
324.15 nan
336.29 nan
347.52 nan
354.75 nan
361.03 nan
366.21 nan
367.77 nan
375.78 nan
386.24 nan
389.03 nan
395.74 nan
712.42 nan
712.81 nan
715.44 nan
716.39 nan
732.03 nan
732.33 nan
737.51 nan
739 nan
869.26 nan
871.08 nan
876.16 nan
877.7 nan
1129.61 nan
1130.05 nan
1131.83 nan
1132.48 nan
1479.8 nan
1486.45 nan
1525.08 nan
1534.58 nan
1546.92 nan
1554.17 nan
1619.07 nan
1635.27 nan
77.49 nan
87.96 nan
101.23 nan
108.09 nan
120.69 nan
129.65 nan
135.66 nan
149.1 nan
151.46 nan
168.64 nan
172.48 nan
180.56 nan
193.57 nan
199.31 nan
208.43 nan
210.26 nan
214.79 nan
223.22 nan
244.44 nan
258.74 nan
266.4 nan
274.63 nan
287.54 nan
290.44 nan
313.46 nan
331.75 nan
335.08 nan
340.65 nan
343.88 nan
356.73 nan
361.75 nan
369.42 nan
375.42 nan
381.03 nan
387.82 nan
392.75 nan
711.67 nan
712.98 nan
717.42 nan
718.3 nan
731.49 nan
731.75 nan
737.24 nan
737.68 nan
872.53 nan
872.98 nan
874.77 nan
877.37 nan
1130.12 nan
1130.35 nan
1131.32 nan
1131.72 nan
1482.76 nan
1488.24 nan
1529.36 nan
1535 nan
1558.54 nan
1565.15 nan
1604.3 nan
1616.46 nan
63.24 nan
85.36 nan
96.96 nan
112.72 nan
124.43 nan
133.1 nan
139.06 nan
148.49 nan
160.39 nan
166.01 nan
169.38 nan
177.12 nan
178.76 nan
192.72 nan
205.5 nan
210.35 nan
216.13 nan
224.64 nan
245.55 nan
251.28 nan
264.07 nan
272.66 nan
284.3 nan
306.36 nan
314.78 nan
324.39 nan
339.57 nan
347.37 nan
348.39 nan
361.1 nan
364.39 nan
366.49 nan
374.57 nan
380.17 nan
389.21 nan
390.13 nan
711.72 nan
713.35 nan
715.89 nan
716.85 nan
731.74 nan
732.26 nan
737.78 nan
739.18 nan
871.17 nan
874 nan
875.84 nan
876.04 nan
1129.7 nan
1130.35 nan
1131.62 nan
1132.04 nan
1483.73 nan
1488.05 nan
1518.7 nan
1527.75 nan
1558.58 nan
1565.85 nan
1608.16 nan
1626.92 nan
69.02 nan
83.57 nan
95.35 nan
104.61 nan
119.18 nan
125.56 nan
131.58 nan
140.32 nan
148.15 nan
150.74 nan
156.23 nan
171.31 nan
184.99 nan
188.96 nan
195.34 nan
200.22 nan
214.75 nan
218.5 nan
236.28 nan
243.91 nan
268.59 nan
283.51 nan
294.28 nan
299.79 nan
311.56 nan
321.98 nan
337.29 nan
343.94 nan
349.92 nan
353.02 nan
366.43 nan
370.39 nan
373.51 nan
382.11 nan
390.39 nan
429.47 nan
709.3 nan
710.17 nan
717.12 nan
717.43 nan
733.12 nan
734.7 nan
737.62 nan
740.45 nan
870.05 nan
873.41 nan
876.19 nan
880.12 nan
1131.36 nan
1131.52 nan
1133.24 nan
1134.05 nan
1468.35 nan
1487.47 nan
1502.7 nan
1524.58 nan
1554.09 nan
1568.48 nan
1598.76 nan
1633.55 nan
44.61 nan
69.22 nan
75.78 nan
106.59 nan
117.69 nan
123.64 nan
135.33 nan
136.56 nan
155.11 nan
158.26 nan
170.46 nan
179.36 nan
191.04 nan
201.29 nan
202.78 nan
205.77 nan
217.05 nan
219.11 nan
230.22 nan
250.11 nan
270.54 nan
281.78 nan
285.36 nan
296.92 nan
305.85 nan
324.22 nan
331.16 nan
334.12 nan
348.76 nan
359.42 nan
362.03 nan
369.05 nan
375.08 nan
385.24 nan
389.16 nan
415.96 nan
708.42 nan
710.38 nan
717.98 nan
718.72 nan
733.39 nan
733.73 nan
738.85 nan
740.43 nan
873.54 nan
873.89 nan
879.36 nan
881.19 nan
1131.19 nan
1131.98 nan
1133.14 nan
1133.75 nan
1471.62 nan
1487.06 nan
1510.72 nan
1522.68 nan
1548.13 nan
1560.92 nan
1587.98 nan
1623.9 nan
60.88 nan
80.71 nan
88.4 nan
104.24 nan
117 nan
119.11 nan
130.24 nan
142.19 nan
149.51 nan
153.23 nan
170.31 nan
177.86 nan
180.9 nan
193.01 nan
202.16 nan
210.44 nan
218.96 nan
226.12 nan
237.16 nan
255.85 nan
259.77 nan
269.05 nan
283.87 nan
296.94 nan
307.81 nan
322.53 nan
337.69 nan
342.6 nan
350.66 nan
359.74 nan
365.44 nan
368.38 nan
383.06 nan
384.7 nan
392.9 nan
399.01 nan
710.11 nan
713.33 nan
715.06 nan
718.03 nan
732.95 nan
734.38 nan
738.5 nan
740.5 nan
869.71 nan
877.36 nan
877.84 nan
878.49 nan
1131.23 nan
1131.88 nan
1133.4 nan
1133.81 nan
1475.28 nan
1487.07 nan
1496.1 nan
1519.3 nan
1555.14 nan
1568.94 nan
1593.12 nan
1639.08 nan
